100135110
105166207
125390441
140986051
148255326
150121949
154394710
154769448
154946810
1564983
175731671
181609641
186786987
19264788
198930594
227968475
232913452
237719657
245973026
252448037
406628573
407375090
415006430
418316752
429095608
435756491
449823135
450857868
453785888
455815040
458435656
465804790
466317698
470834526
481008320
484555444
485465589
487023554
490831851
493730590
500670723
502934041
503561816
503664128
504077937
504850012
508192983
508206976
508213041
509753427
511501310
512230385
512829150
515961933
518400413
518403242
518436672
518615080
519192062
519578910
520089448
520686833
521025958
52268235
525266305
525629208
525634637
525919566
526197460
526407738
526408404
527233092
528676654
532163329
533502509
534457308
535440873
536540589
537276939
537312502
539315644
540918000
541100390
541389179
541913688
544047223
545943978
546261273
548850008
549248534
551752699
551754636
553316859
554549542
554639441
554641943
554868550
555456321
555642644
555803142
556623764
562204991
562310816
564177264
567092826
568616823
568619159
568620515
568668264
568669747
569344822
569595191
569595749
569597998
569599862
569600786
569602391
569603460
570097969
570547836
571133375
575001870
575181896
575322457
576493075
577466537
578530505
580038969
580040554
580045657
580098923
581524283
581608612
581687234
582034164
582858762
582862835
582869092
583332661
583345113
583347891
583478336
583532236
583682096
583684185
584285695
584308494
584311854
584462996
584531611
585164950
585590491
588033066
588038679
589570002
590120205
590613611
591537861
591779521
592601762
592606146
592608839
593084053
593110604
593120689
593158359
593834094
593835539
594349758
594350931
594738366
594739479
594741463
594745318
594795889
594796679
595196842
595198262
595199870
595201226
595288160
595499681
595727976
595728639
595730880
595731662
595734165
595738000
595738881
595742123
595743681
595744853
595745623
595746750
595757430
597185644
597975551
598319291
598320122
598320955
598321324
598427699
598531260
598839617
599019391
599019807
599020839
599386484
599387005
599388273
599389257
599395610
599634574
600560246
600561028
600561908
603177503
603627413
603663156
603666641
603672407
605667531
606318887
606319382
606325984
606339553
606341085
606352370
606594055
606594219
606605358
606606303
606607729
610918608
612421733
612428780
612430268
612462729
612470179
612661383
612661615
612663510
612686977
612688013
612724252
612856204
612858785
612858834
612860061
613106953
613138183
613232312
613272864
613277598
613353034
613403484
613405859
613409289
613413704
613415202
613417098
613417860
613418934
613421349
613425139
613427529
613577551
613930414
614324333
614327202
614329089
614333776
614533059
614535445
614539128
614955132
614985645
614991303
615181118
616404072
616406293
616424209
616427676
616541722
616611114
616612213
616613430
616614610
616689127
618900040
618904197
618909502
64313471
65034466
68136884
526563117
526134701
526119807
618898343
622783947